500 2400
254 256
381 392
21 28
95 101
33 41
215 218
399 403
327 331
438 447
336 337
174 176
302 304
361 367
450 457
468 469
398 402
202 204
476 483
225 232
353 360
49 58
162 164
382 390
293 297
116 118
138 141
85 87
381 385
57 59
95 98
464 467
29 37
357 360
33 34
489 493
415 422
491 497
252 257
275 279
49 51
286 288
324 328
325 326
375 378
57 60
315 321
460 468
490 492
41 43
103 104
160 162
179 181
76 78
24 28
226 232
354 360
45 47
49 52
0 5
120 127
85 89
140 143
393 397
395 401
70 72
440 443
166 170
294 298
460 467
465 469
16 20
491 495
41 44
316 319
474 476
112 119
384 391
226 227
354 355
67 71
432 435
325 328
229 231
294 301
461 468
281 291
466 468
73 78
54 56
492 494
405 407
426 435
451 457
475 479
246 249
303 311
343 348
271 277
283 286
395 399
71 72
383 385
4 7
493 497
243 246
371 374
34 39
476 478
404 405
10 12
250 255
161 168
253 258
271 274
229 233
230 233
50 54
322 326
418 424
442 444
194 195
177 185
124 128
270 276
19 20
93 101
131 133
97 98
242 247
244 247
370 375
154 155
405 409
30 35
197 199
385 392
42 46
404 412
227 230
251 252
164 170
189 190
207 212
234 239
362 367
397 401
163 169
1 6
146 147
418 419
363 375
177 178
340 346
217 222
345 350
295 301
426 428
248 249
355 360
268 273
17 23
458 470
404 411
23 25
409 413
228 231
250 257
252 253
312 314
169 170
332 338
477 481
64 69
209 214
65 73
284 288
235 236
363 364
240 241
256 257
152 157
188 190
372 376
173 174
373 374
51 59
341 349
396 403
218 223
313 321
167 170
295 298
62 68
407 411
263 264
304 306
197 201
198 201
380 383
458 465
494 499
406 410
232 233
144 149
364 368
352 360
280 287
65 66
236 237
165 167
168 170
296 298
83 89
219 220
172 174
282 289
356 360
272 279
458 472
406 413
155 159
182 185
364 367
38 39
333 334
478 483
216 217
323 328
347 350
115 119
443 444
373 376
191 193
319 321
68 71
486 498
126 128
220 221
2 8
292 293
122 126
30 31
430 431
87 90
199 203
459 467
495 497
208 209
480 481
102 104
31 36
18 27
74 76
365 368
308 321
186 191
352 358
189 194
488 496
165 169
420 423
114 118
351 359
462 467
474 485
292 300
2 3
427 428
123 125
178 183
52 55
380 388
20 24
314 317
106 110
269 274
35 38
273 282
75 79
147 151
259 260
386 388
479 481
266 267
281 283
285 291
486 492
306 309
292 299
419 421
257 258
153 158
137 143
380 387
56 57
387 390
81 87
32 34
107 109
414 422
273 275
437 442
60 61
477 478
298 301
190 194
376 378
489 496
145 150
281 284
463 465
448 449
12 15
486 487
487 495
200 204
429 434
416 420
307 311
82 86
412 413
414 425
273 276
478 479
436 442
422 424
44 45
201 203
475 484
27 28
139 141
339 341
111 116
293 294
428 434
393 400
439 440
315 317
63 70
488 492
215 220
490 496
449 455
201 204
476 485
497 499
150 151
278 279
66 72
339 346
344 346
162 170
92 98
96 101
280 289
431 433
254 257
381 391
454 455
21 27
95 100
33 40
489 491
327 330
399 402
438 444
331 338
336 338
299 301
302 305
450 454
361 366
468 470
398 403
202 205
317 321
282 286
66 67
49 57
446 447
162 165
0 8
382 391
293 296
3 5
116 119
84 88
85 86
53 61
381 384
57 58
464 468
29 36
489 492
415 417
491 496
274 278
438 439
117 129
252 258
275 278
76 80
49 50
286 289
324 329
120 121
393 395
417 423
315 320
460 469
465 467
124 125
490 493
41 42
103 107
160 163
179 180
112 113
384 385
76 79
226 233
45 46
0 6
120 128
391 392
85 88
393 396
395 400
440 444
294 299
465 468
104 105
16 21
215 224
491 494
492 496
238 244
108 109
474 477
37 39
77 80
67 70
342 348
183 185
121 127
229 230
316 320
281 290
461 467
466 469
73 77
54 57
492 495
405 406
426 432
88 89
451 456
475 478
113 119
303 310
342 343
92 93
164 165
271 276
50 60
395 398
383 384
281 299
390 391
46 48
340 341
270 274
493 496
243 249
371 377
34 36
471 473
476 479
130 134
404 406
261 267
10 13
250 252
253 257
206 212
64 72
229 232
50 55
322 327
235 241
363 369
418 425
442 445
177 184
340 348
124 129
394 398
270 277
19 23
93 100
131 132
242 244
370 372
405 408
30 32
196 200
197 198
42 47
404 413
227 233
409 411
251 255
187 193
122 128
234 236
362 364
397 400
163 168
1 5
340 347
51 53
217 221
345 349
401 403
19 28
313 319
295 300
426 429
62 66
245 247
407 413
268 274
17 22
458 471
23 24
409 412
252 254
180 184
74 80
312 315
477 480
280 281
64 70
65 72
209 213
284 289
305 311
235 239
363 367
256 258
152 158
188 191
372 377
51 58
341 348
218 220
346 348
313 320
98 99
62 69
172 176
407 410
263 267
304 307
197 200
272 273
494 496
406 411
144 150
364 369
210 212
11 13
467 469
236 238
165 166
296 299
149 151
277 279
83 88
219 223
245 249
172 175
427 433
199 205
381 383
458 473
186 194
155 158
75 80
478 480
216 218
237 241
115 118
443 447
191 192
319 320
486 499
126 129
220 222
292 294
314 320
334 338
122 127
199 202
459 466
495 496
208 210
480 482
102 105
31 39
452 453
18 24
74 77
365 367
437 439
186 188
352 359
189 193
488 497
165 168
114 119
351 358
26 27
462 464
69 71
486 490
474 482
292 301
427 431
123 124
178 180
380 389
20 25
458 459
132 136
410 412
269 273
18 19
290 291
75 78
147 150
386 389
479 480
251 257
436 437
281 282
285 290
361 369
486 493
487 497
419 420
153 157
137 142
56 58
81 86
32 35
107 108
414 423
273 274
437 441
190 195
376 379
145 149
436 444
463 464
448 450
487 494
200 205
429 433
416 421
307 310
82 87
283 289
436 443
422 425
44 46
463 473
201 202
329 330
139 140
339 340
92 100
111 119
389 391
428 435
439 443
315 316
63 65
488 493
215 223
490 497
36 37
438 442
174 175
302 303
449 454
497 498
339 349
344 347
92 99
280 290
431 432
381 390
21 26
388 389
489 490
73 80
382 383
438 445
299 300
302 310
450 455
361 365
468 471
252 260
398 400
317 320
282 287
49 56
382 388
3 4
258 260
84 89
138 139
374 375
53 60
464 469
465 473
29 35
16 24
415 416
491 499
274 279
9 15
103 109
285 287
252 259
225 231
353 359
324 330
441 447
349 350
117 119
120 122
393 394
417 422
460 470
192 193
320 321
465 466
358 359
124 126
415 425
408 409
103 106
160 164
179 183
112 114
384 386
226 230
354 358
318 320
342 346
0 7
120 129
395 403
400 401
440 445
166 168
294 296
460 461
461 473
104 106
394 402
16 22
73 75
492 497
22 28
108 110
470 472
37 38
77 79
342 349
183 184
187 189
121 126
234 240
362 368
316 321
281 289
461 466
73 76
255 257
22 23
426 433
446 457
88 90
113 118
303 305
343 350
92 94
164 166
271 279
276 277
206 210
50 61
383 387
171 173
105 110
340 342
270 275
493 495
58 60
370 378
243 248
371 376
154 158
34 37
17 27
471 472
37 40
130 135
404 407
261 266
157 169
250 253
253 256
206 213
50 52
322 324
287 289
235 240
363 368
1 3
146 150
383 392
418 422
4 8
340 349
394 399
217 219
345 347
19 22
93 99
131 135
242 245
370 373
355 357
30 33
268 276
196 201
17 28
221 223
42 44
227 232
409 410
265 267
250 260
251 254
161 167
187 192
207 214
209 211
122 129
234 237
362 365
397 399
1 4
51 52
217 220
345 348
128 129
401 402
313 318
244 248
62 67
245 246
407 412
30 40
268 275
17 21
458 468
385 391
23 27
135 136
252 255
180 185
312 316
43 60
280 282
64 71
209 212
284 290
305 310
235 238
236 240
363 366
256 259
152 159
372 378
51 61
341 347
396 397
218 221
346 349
263 266
304 308
272 274
55 57
494 497
406 408
228 232
144 151
188 192
210 213
11 12
467 468
323 325
236 239
296 300
149 150
277 278
170 176
83 91
219 222
94 100
245 248
427 432
86 87
199 204
381 382
186 195
414 435
367 369
352 353
478 481
134 135
262 263
212 213
216 219
323 330
237 240
443 446
191 195
486 496
220 223
2 6
292 295
314 321
122 124
125 129
459 469
495 499
208 211
81 91
480 483
102 110
31 38
269 279
141 151
452 454
18 25
365 366
437 438
186 189
189 192
488 498
114 116
351 353
462 465
68 72
69 70
486 491
474 483
153 155
427 430
123 127
178 181
416 424
380 390
20 26
314 315
132 137
410 413
157 159
106 108
269 272
35 40
437 447
479 483
251 256
145 147
436 438
420 424
462 472
285 289
361 368
306 307
487 496
419 423
153 156
335 337
137 141
52 56
56 59
387 392
81 85
481 485
32 36
414 420
437 440
298 299
190 192
284 285
145 148
436 445
44 48
463 467
448 451
69 72
487 489
475 481
366 368
429 432
416 422
82 84
482 484
211 213
283 288
21 23
439 445
499 5
377 379
371 392
44 47
463 472
139 143
339 343
127 129
92 101
111 118
389 390
374 378
439 442
315 319
464 472
63 64
411 413
488 494
215 222
326 327
36 38
148 149
438 443
449 453
361 363
66 70
339 348
344 348
324 325
162 168
382 386
293 301
280 291
318 319
431 435
381 389
455 457
21 25
388 390
302 311
450 452
361 364
398 401
202 203
310 311
282 284
13 17
162 163
382 389
3 7
389 392
483 485
84 90
53 59
308 309
460 472
464 470
465 472
29 34
33 39
16 25
415 419
491 498
274 276
331 333
9 14
103 108
285 286
469 471
225 230
353 358
498 499
0 1
441 446
117 118
120 123
417 421
460 471
7 8
192 194
124 127
415 424
490 491
22 26
408 410
264 265
160 165
179 182
112 115
384 387
423 425
226 231
354 359
318 321
342 347
395 402
400 402
440 446
166 169
294 297
460 462
461 472
466 472
104 107
394 403
16 23
73 74
492 498
451 453
469 473
470 473
474 475
77 78
42 48
133 135
261 263
265 279
67 72
187 188
121 125
234 241
362 369
383 389
461 465
281 288
46 47
466 467
255 256
239 241
88 91
113 117
303 304
175 176
343 345
92 95
164 167
271 278
276 278
206 211
50 58
322 330
254 255
383 386
171 172
105 109
340 343
270 272
493 494
58 61
370 379
371 379
405 413
154 159
17 26
312 320
130 132
261 265
10 11
246 247
25 27
50 53
322 325
287 288
163 165
1 2
146 151
418 423
442 443
372 373
29 31
340 350
394 396
124 131
217 218
345 346
19 25
93 98
131 134
355 356
30 38
268 277
196 202
289 291
17 19
198 210
221 222
42 45
265 266
161 166
434 435
187 195
25 28
207 209
64 65
209 210
337 338
477 485
230 231
397 398
163 170
152 153
121 129
177 183
51 55
313 317
244 249
62 64
426 427
156 157
356 357
86 90
197 205
17 20
456 457
458 469
222 223
385 390
23 26
494 495
144 145
312 317
38 40
332 333
280 283
262 266
284 291
305 309
236 241
256 260
372 379
83 85
51 60
341 346
396 398
94 98
304 309
198 204
272 275
55 56
59 61
297 301
406 409
228 233
106 112
253 255
188 193
333 338
65 71
11 15
467 471
323 324
296 301
83 90
94 101
427 435
198 199
20 21
186 192
385 400
233 235
182 188
367 368
352 354
43 45
212 214
216 220
237 239
309 311
190 191
462 463
191 194
486 497
2 7
334 336
122 125
430 434
125 128
380 392
20 28
458 462
459 468
495 498
208 212
81 90
480 484
186 203
31 33
269 278
452 455
18 22
74 75
182 183
386 392
479 485
488 499
89 91
114 117
351 352
462 470
123 129
486 488
474 480
93 95
153 154
137 139
123 126
416 425
380 391
20 27
459 461
81 83
481 483
157 158
106 109
141 143
269 271
414 418
437 446
386 387
479 482
251 259
145 146
436 439
420 425
151 156
462 473
445 447
463 469
285 288
487 499
419 422
335 336
137 140
52 57
56 60
81 84
82 90
481 484
32 37
107 110
414 421
190 193
284 286
326 330
436 446
463 466
448 452
487 488
475 480
366 369
444 445
429 431
416 423
6 12
82 85
482 485
211 212
283 291
454 456
21 22
439 444
377 378
449 451
139 142
339 342
127 128
111 113
96 97
6 7
84 85
374 379
428 429
315 318
464 473
63 67
411 412
488 495
215 217
36 39
148 150
438 440
449 452
361 362
398 399
476 480
66 71
344 349
324 326
162 169
382 387
293 300
138 142
431 434
254 260
381 388
455 456
21 24
95 97
388 391
63 72
29 40
415 421
302 308
450 453
160 168
398 406
282 285
3 6
483 484
84 91
375 377
417 419
53 58
308 310
460 473
464 471
29 33
33 38
16 26
415 418
274 277
331 332
9 13
468 472
469 470
221 224
24 25
225 229
353 357
49 55
0 2
441 445
120 124
484 485
216 229
417 420
460 464
192 195
288 289
16 17
238 240
41 47
22 27
408 411
264 266
160 166
179 185
112 116
384 388
423 424
226 228
354 356
342 344
121 123
400 403
440 447
460 463
461 471
390 392
466 473
104 108
394 400
125 127
492 499
451 452
469 472
113 115
222 224
133 134
261 262
187 191
121 124
283 285
70 71
383 388
461 464
105 107
54 60
255 259
239 240
243 245
371 373
196 197
34 40
181 183
113 116
62 63
303 307
343 344
271 273
276 279
206 208
50 59
1 8
171 175
105 108
270 273
54 55
242 248
370 376
371 378
405 412
154 156
196 204
34 35
17 25
312 321
130 133
223 224
133 136
227 229
261 264
246 259
250 251
378 379
180 181
25 26
287 291
163 164
146 148
418 420
372 374
29 30
394 397
341 343
19 24
93 97
313 315
242 243
370 371
355 359
30 39
268 278
196 203
17 18
181 185
289 290
404 408
23 28
250 258
161 165
187 194
477 484
207 208
64 66
305 307
234 235
362 363
152 154
121 128
177 182
51 54
396 400
313 316
167 169
295 297
62 65
156 158
356 358
268 269
86 91
197 204
198 202
458 466
385 389
297 299
144 146
312 318
332 334
280 284
262 267
305 308
83 84
341 345
396 399
218 219
346 347
19 38
94 99
5 7
62 72
282 290
304 310
198 205
272 276
55 59
459 473
59 60
297 300
253 254
188 194
333 337
65 70
210 211
11 14
467 470
323 327
347 349
373 379
427 434
47 48
87 89
20 22
186 193
132 133
126 127
18 28
352 355
43 44
216 221
237 238
309 310
2 4
334 337
118 119
430 435
178 184
458 463
459 471
314 318
208 213
81 89
480 485
102 108
32 40
31 32
269 277
35 37
18 23
186 187
479 484
89 90
351 355
462 471
123 128
486 489
306 310
474 481
292 296
93 94
137 138
178 179
380 384
459 460
387 389
81 82
481 482
301 311
102 103
410 411
141 142
269 270
414 419
453 455
437 445
251 258
489 499
351 360
281 287
445 446
463 468
487 498
200 201
328 329
419 425
94 95
366 367
402 403
429 437
416 417
52 58
56 61
204 205
82 91
32 38
273 279
284 287
436 447
448 453
449 457
487 491
475 483
496 497
444 446
429 430
283 290
393 403
453 457
454 457
439 447
63 69
488 489
217 224
449 450
421 423
339 345
111 112
96 98
84 86
374 376
428 430
53 55
254 258
63 66
411 415
215 216
327 329
399 401
148 151
331 337
422 423
78 80
438 441
302 306
472 473
476 481
66 68
339 350
344 350
324 327
162 166
382 384
293 299
138 143
414 415
417 425
381 387
95 96
99 101
464 465
29 39
358 360
489 495
415 420
218 224
9 11
302 309
174 181
160 169
203 205
275 277
421 425
225 227
353 355
49 61
13 15
286 290
441 443
258 259
375 376
417 418
53 57
308 311
29 32
33 37
16 27
490 494
331 335
79 80
9 12
103 110
433 435
468 473
24 26
225 228
353 356
49 54
0 3
441 444
120 125
85 91
140 141
393 399
440 441
460 465
465 471
288 290
16 18
491 493
219 224
238 241
41 46
22 24
408 412
316 317
264 267
160 167
179 184
474 478
112 117
384 389
226 229
354 357
67 69
432 433
342 345
325 330
121 122
171 176
461 470
193 195
104 109
466 470
394 401
125 126
54 58
424 425
451 455
475 477
113 114
300 301
303 309
187 190
283 284
395 397
383 391
4 5
461 463
105 106
142 143
270 271
54 61
220 224
255 258
493 499
243 244
371 372
196 198
109 110
181 182
10 14
303 306
161 170
343 347
253 260
271 272
206 209
50 56
322 328
442 446
171 174
270 278
255 267
58 59
242 249
370 377
244 245
405 411
154 157
196 205
17 24
227 228
247 249
161 163
180 182
164 168
50 51
322 323
287 290
397 403
163 167
146 149
418 421
372 375
340 344
341 342
19 27
93 96
131 136
97 101
313 314
426 430
355 358
30 36
268 279
181 184
385 387
42 43
404 409
228 229
250 259
161 164
332 336
477 483
207 211
64 67
231 233
305 306
152 155
173 176
177 181
51 57
396 401
167 168
98 100
295 296
62 70
407 409
156 159
356 359
86 88
268 270
197 203
198 203
380 381
55 61
458 467
385 388
297 298
144 147
452 468
312 319
332 335
280 285
134 136
262 264
83 87
341 344
94 96
5 6
282 291
304 311
272 277
55 58
459 472
480 488
155 157
364 365
188 195
333 336
65 69
467 473
323 326
347 348
115 117
373 378
68 69
334 335
87 88
199 201
20 23
459 465
132 134
208 223
102 106
74 78
352 356
43 47
478 484
216 222
348 349
420 421
351 357
26 28
2 5
5 8
122 123
430 432
178 185
52 53
458 460
459 470
314 319
208 214
81 88
102 109
31 35
269 276
35 36
18 20
75 77
147 149
386 390
114 115
351 354
462 468
448 456
486 494
306 311
292 297
317 319
52 60
380 385
459 463
387 388
31 40
106 107
414 416
452 456
453 454
437 444
489 498
281 286
463 471
12 13
487 493
200 202
328 330
419 424
335 338
359 360
416 418
52 59
307 309
82 88
32 39
273 278
90 91
326 328
436 440
448 454
449 456
487 490
475 482
496 498
444 447
82 83
482 483
211 214
428 432
393 402
453 456
439 446
63 68
357 359
488 490
490 498
421 422
339 344
92 96
111 115
96 99
84 87
374 377
428 431
53 54
254 259
215 219
346 358
327 328
399 400
438 446
331 336
302 307
450 456
476 482
225 233
66 69
49 59
162 167
382 385
293 298
116 117
138 140
417 424
381 386
95 99
315 329
99 100
464 466
465 484
29 38
33 35
489 494
415 423
36 40
9 10
450 451
160 170
252 256
384 392
203 204
275 276
421 424
225 226
353 354
282 283
49 60
13 14
286 291
325 327
382 392
3 8
441 442
375 379
216 224
53 56
57 61
95 104
388 392
100 101
33 36
16 28
490 495
238 239
274 275
331 334
103 105
160 161
433 434
76 77
24 27
45 48
49 53
0 4
120 126
85 90
140 142
393 398
440 442
460 466
465 470
16 19
288 291
491 492
41 45
22 25
408 413
316 318
51 68
474 479
112 118
384 390
67 68
432 434
342 350
325 329
294 300
80 88
461 469
193 194
104 110
466 471
73 79
54 59
255 260
492 493
426 434
451 454
475 476
246 248
303 308
343 349
206 207
283 287
395 396
383 390
294 295
166 167
4 6
461 462
493 498
243 247
371 375
196 199
34 38
470 471
476 477
130 136
10 15
250 254
286 287
158 159
161 169
253 259
343 346
271 275
206 214
230 232
50 57
322 329
442 447
270 279
19 21
97 99
242 246
244 246
370 374
405 410
30 34
130 131
227 231
247 248
251 253
161 162
180 183
164 169
189 191
207 213
234 238
362 366
397 402
163 166
1 7
177 179
340 345
394 395
217 223
19 26
97 100
426 431
30 37
268 272
385 386
404 410
228 230
250 256
184 185
312 313
332 337
477 482
207 210
64 68
231 232
235 237
363 365
152 156
188 189
173 175
373 375
177 180
51 56
341 350
396 402
218 222
346 350
295 299
98 101
62 71
407 408
263 265
304 305
86 89
268 271
197 202
198 200
380 382
55 60
458 464
494 498
144 148
43 48
280 286
262 265
65 67
210 214
168 169
296 297
83 86
219 221
94 97
172 173
282 288
356 367
272 278
406 412
155 156
182 184
364 366
333 335
478 482
65 68
467 472
323 329
14 15
115 116
443 445
373 377
68 70
87 91
199 200
459 464
132 135
406 407
102 107
31 37
18 26
74 79
365 369
186 190
352 357
43 46
189 195
478 485
216 223
165 170
348 350
420 422
351 356
462 466
83 100
474 484
427 429
430 433
178 182
52 54
458 461
314 316
31 34
269 275
35 39
18 21
75 76
147 148
386 391
213 214
462 469
448 457
486 495
306 308
292 298
257 259
153 159
317 318
334 350
52 61
380 386
459 462
387 391
32 33
414 417
452 457
437 443
477 479
298 300
376 377
251 260
489 497
145 151
39 40
281 285
463 470
12 14
487 492
200 203
257 260
429 435
416 419
307 308
368 369
6 8
82 89
414 424
273 277
326 329
436 441
448 455
475 485
496 499
111 117
293 295
428 433
393 401
439 441
63 71
357 358
488 491
215 221
490 499
41 48
78 79
201 205
476 484
339 347
344 345
92 97
111 114
96 100
280 288
