2000 6216
1542 1545
1634 1638
1482 1483
530 531
1246 1247
1559 1562
1503 1504
601 606
1113 1118
398 402
1137 1521
1107 1109
1932 1934
1829 1830
375 381
506 508
1641 1642
882 883
95 98
1296 1299
619 620
1131 1132
1591 1592
1083 1085
1717 1718
888 891
61 63
445 448
669 672
622 627
598 603
490 492
1960 1962
103 104
1763 1764
1579 1581
550 553
681 686
844 846
1068 1070
872 875
45 47
49 52
1214 1215
1858 1859
1541 1546
508 510
901 903
1684 1689
1974 1975
474 476
850 851
67 71
1039 1043
1600 1603
1535 1536
1767 1769
885 891
856 859
229 231
1368 1371
492 494
1412 1413
1677 1679
638 639
501 505
485 688
821 822
71 72
515 516
1621 1624
1731 1732
1929 1932
4 7
886 887
1108 1113
1398 1399
476 478
615 621
1245 1250
1847 1849
140 180
861 862
649 650
1587 1592
1441 1446
892 896
519 521
97 98
405 409
244 247
154 155
870 871
197 199
810 814
1323 1328
1874 1878
957 958
1366 1370
163 169
1 6
606 607
914 915
1619 1622
871 873
1464 1469
1966 1968
1449 1455
426 428
1128 1130
228 231
1494 1496
1718 1720
252 253
1789 1793
209 214
1651 1652
256 257
941 942
1116 1703
1989 1990
255 706
687 689
65 66
400 489
165 167
296 298
1736 1738
1407 1411
623 624
1655 1657
1753 1757
1070 1073
245 250
118 120
852 854
47 52
1507 1726
457 458
1395 1400
666 670
575 578
839 841
1795 1797
364 367
934 935
1048 1049
373 376
1183 1185
220 221
480 481
542 545
102 104
1774 1776
1184 1190
957 962
673 679
1185 1191
348 351
721 723
149 154
1957 1958
525 527
510 511
1424 1427
1996 1999
314 317
591 592
1289 1292
266 267
1204 1209
1246 1248
1062 1067
1270 1274
170 175
561 566
752 755
1264 1267
1819 1821
56 57
32 34
1248 1250
1907 1909
1894 1897
809 814
1430 1432
8 11
298 301
1986 1987
151 152
579 581
448 449
680 684
202 208
359 362
1589 1592
616 621
1078 1079
1636 1637
1234 1297
40 41
1570 1571
1495 1498
879 881
625 626
774 775
1013 1019
1672 1674
1442 1444
516 517
1555 1560
637 641
1337 1339
654 655
1266 1267
767 770
720 723
1232 1235
315 317
600 605
1476 1478
1572 1577
215 220
949 950
1461 1462
626 628
863 865
1075 1078
357 1569
1051 1057
756 757
1292 1293
1833 1835
299 301
1015 1017
601 605
1113 1117
1459 1461
398 403
317 321
66 67
446 447
1107 1108
85 86
375 380
506 509
899 904
1296 1300
1131 1135
1083 1084
61 62
740 741
1234 1235
1838 1839
999 1001
1499 1505
622 624
913 919
594 596
1623 1625
598 600
892 893
490 493
1960 1963
1579 1580
384 385
681 685
844 847
1068 1071
872 876
45 46
1261 1262
1541 1545
508 511
881 883
901 902
667 669
876 877
474 477
77 80
67 70
1039 1042
1600 1604
91 92
1767 1768
885 890
856 860
229 230
1828 1832
638 642
1713 1716
846 847
1202 1203
396 1302
1479 1481
1923 1925
1677 1678
113 119
1915 1916
501 504
714 715
1226 1227
860 861
1352 1353
1646 1647
1954 1955
515 519
1731 1735
1108 1114
1708 1709
584 790
142 146
615 620
1021 1025
1245 1249
1847 1848
1653 1657
1860 1873
1441 1445
892 897
519 520
405 408
197 198
520 521
810 815
935 937
1366 1371
234 236
163 168
1 5
1619 1625
562 1950
871 872
140 584
1966 1969
1449 1454
426 429
1718 1721
1494 1497
252 254
1157 1159
1789 1792
209 213
1738 1742
218 220
1881 1883
705 710
8 16
687 688
467 469
1761 1763
165 166
296 299
1310 1314
1736 1739
1465 1467
895 898
1407 1410
623 627
1655 1656
1963 1964
1753 1756
970 1539
245 249
852 855
666 671
446 1119
839 840
1154 1156
1795 1796
1048 1050
537 539
671 672
1183 1184
675 677
1961 1963
1196 1936
611 612
480 482
1774 1777
1809 1811
102 105
1596 1597
186 188
1184 1191
957 961
673 678
1185 1190
721 722
149 153
462 464
564 824
525 526
1729 1731
574 576
1790 1792
668 669
1180 1181
1380 1381
479 900
1448 1449
290 291
1006 1007
591 595
1246 1249
1062 1064
1270 1275
170 172
561 565
752 756
1819 1820
1794 1798
1020 1021
1741 1743
56 58
761 763
977 982
1273 1275
1222 1228
1248 1251
1907 1908
809 813
1430 1433
8 12
1725 1728
292 1740
509 1090
151 155
579 580
448 450
680 685
3 17
1967 1969
1636 1638
50 108
1562 1857
454 458
40 42
745 747
879 880
1013 1018
1956 1960
1672 1675
974 975
831 834
1091 1533
1442 1445
139 140
516 518
1844 1848
637 640
1337 1338
720 724
1232 1236
315 316
1572 1578
600 606
802 806
1066 1067
1476 1479
1580 1584
626 629
863 864
1375 1376
1656 1657
1075 1081
1634 1636
1803 1805
1051 1056
609 611
781 783
1833 1834
642 643
299 300
1015 1016
601 604
1113 1116
1459 1460
123 160
398 400
317 320
513 519
1107 1111
1131 1134
1591 1594
1083 1087
1913 1916
740 742
999 1000
1511 1512
1139 1141
1499 1504
622 625
662 664
117 119
1453 1455
913 918
594 597
1623 1624
192 193
598 601
892 894
1960 1964
533 534
408 409
1624 1625
103 106
1763 1766
1579 1583
384 386
681 684
872 877
1700 1701
1541 1544
1135 1137
881 882
1030 1031
1588 1589
940 941
1452 1453
390 394
667 668
1042 1044
1945 1949
876 878
1284 1285
77 79
1237 1239
67 73
1600 1605
1535 1538
1767 1771
885 889
856 861
1828 1833
638 643
1479 1480
1923 1924
113 118
303 305
933 938
860 862
1012 1013
1352 1354
515 518
1731 1734
1108 1115
1937 1939
1708 1710
142 147
1103 1105
1021 1024
1245 1248
50 52
1653 1656
996 997
1508 1509
1587 1594
1441 1444
892 898
93 99
810 812
935 936
1874 1876
663 665
1879 1881
337 339
1366 1368
1813 1815
1 4
1619 1624
871 875
819 820
128 129
1449 1453
785 789
252 255
1157 1158
209 212
1738 1743
1548 1552
1037 1045
218 221
1565 1567
1881 1882
705 709
1825 1827
1060 1064
687 691
467 468
1761 1762
1306 1307
296 300
1310 1315
1736 1740
1933 1934
1465 1466
623 626
245 248
666 668
1680 1681
352 353
212 213
1972 1973
537 538
1049 1050
1183 1187
675 676
2 6
41 564
1895 1900
1961 1962
480 483
1809 1810
693 697
1596 1598
573 575
1789 1791
957 960
673 677
1185 1189
149 152
462 465
68 72
1729 1730
574 577
1790 1793
314 315
668 670
1180 1182
1556 1557
157 159
1002 1004
1448 1450
591 594
1062 1065
1270 1272
170 173
557 559
561 564
752 757
1020 1022
1741 1742
632 1050
761 762
977 981
1273 1274
1994 1998
1222 1229
32 36
1907 1911
809 812
8 13
298 299
583 998
986 988
145 148
1310 1311
151 154
579 583
448 451
17 82
680 686
65 334
1967 1968
211 213
454 459
40 43
1054 1058
745 746
879 883
1403 1405
1697 1698
1013 1017
1956 1961
1672 1676
1549 1554
516 519
1844 1849
1555 1562
315 319
600 607
802 807
1290 1292
1720 1721
1193 1195
1580 1585
430 719
863 867
324 325
162 168
954 956
369 372
1075 1080
318 319
1634 1637
1803 1804
609 610
781 782
1015 1019
1459 1463
398 401
573 1257
1192 1193
513 518
1426 1427
1107 1110
506 507
347 1077
1325 1328
795 813
1083 1086
331 333
791 793
740 743
1206 1208
999 1003
1139 1140
662 665
117 118
1453 1454
913 917
1930 1934
598 606
1791 1793
892 895
490 491
1579 1582
384 387
577 578
872 878
1700 1702
1887 1892
1135 1136
1451 1453
1953 1955
940 942
1452 1454
1588 1590
390 395
1781 1783
667 671
1042 1045
1611 1612
1945 1948
1283 1285
474 475
1284 1286
77 78
1237 1238
261 263
67 72
1600 1606
1767 1770
1090 1092
885 888
1828 1834
856 862
638 640
143 148
1359 1364
461 465
1479 1483
1923 1927
1123 1125
1808 1809
543 548
109 112
1912 1913
113 117
303 304
1890 1892
933 937
308 410
865 867
1377 1379
1012 1014
1093 1099
1352 1355
265 361
515 521
1937 1938
1708 1711
142 144
1917 1919
61 64
1514 1518
1103 1104
246 247
1384 1385
953 956
442 443
996 998
1508 1510
568 569
93 98
810 813
1386 1784
1874 1877
663 664
1879 1880
25 28
337 338
1366 1369
230 231
1813 1814
203 1385
152 153
1880 1881
871 874
128 130
1449 1452
426 427
1119 1125
785 788
552 553
43 63
152 294
134 138
1738 1740
344 1614
713 715
1548 1553
1037 1044
651 653
851 853
1565 1566
705 708
1217 1220
1166 1167
1825 1826
1060 1065
911 917
687 690
65 71
296 301
1310 1312
1736 1741
1001 1512
47 49
198 199
1268 1269
666 669
869 878
1795 1798
352 354
1680 1682
212 214
502 504
1959 1964
1183 1186
675 679
2 7
1318 1322
1450 1454
480 484
542 548
233 236
31 33
693 696
1596 1599
182 183
1982 1984
573 574
1789 1790
673 676
1185 1188
68 73
486 488
668 671
81 83
1556 1558
157 158
1404 1405
1448 1451
1028 1199
1270 1273
557 558
1819 1822
1794 1796
137 140
1919 1921
1020 1023
630 634
667 1772
977 980
1994 1999
1907 1910
1894 1900
789 1073
8 14
579 582
278 280
1358 1359
60 64
1967 1971
745 856
211 212
454 456
40 44
614 618
1126 1130
879 882
1403 1404
1013 1016
1956 1962
1372 1373
1549 1553
1134 1135
1442 1443
1965 1973
96 97
1936 1937
1702 1704
555 663
573 578
315 318
802 804
215 217
659 661
1171 1173
1801 1806
1290 1293
1758 1762
1720 1722
1193 1194
626 627
863 866
1776 1777
324 326
162 169
829 831
74 768
1051 1058
1609 1612
1032 1033
1015 1018
1459 1462
1812 1813
1192 1194
949 1661
513 517
1107 1113
375 377
1331 1333
813 815
1325 1327
331 332
791 792
1206 1209
469 470
1838 1842
792 793
353 357
999 1002
1139 1143
840 1061
391 396
913 916
594 595
1054 1055
598 607
1791 1792
1744 1745
384 388
979 981
1700 1703
1138 1142
1451 1452
1147 1149
1953 1954
940 943
1452 1455
1588 1591
390 392
565 566
1781 1782
667 670
1283 1284
1284 1287
261 262
1014 1018
1828 1835
1537 1538
638 641
1317 1322
1383 1389
461 464
1976 1977
1479 1482
1923 1926
1123 1124
1808 1810
1297 1299
1084 1085
109 111
1912 1914
113 116
62 63
303 307
933 936
1487 1489
271 273
865 866
661 665
1012 1015
1093 1098
1377 1378
1352 1356
1646 1650
515 520
142 145
1917 1918
1514 1519
615 617
250 251
1670 1671
1868 1869
1384 1386
1508 1511
568 570
93 97
935 938
1879 1883
1091 1092
11 16
305 307
234 235
1521 1523
152 154
1880 1882
1966 1972
128 131
833 834
1119 1124
385 389
134 139
1738 1741
1845 1847
713 714
1548 1554
1037 1043
651 652
851 852
1027 1029
218 219
678 679
1467 1582
1620 1624
5 7
1060 1066
1061 1067
911 916
1500 1501
762 766
65 70
467 470
1736 1742
1310 1313
339 656
1373 1375
1144 1145
1673 1675
443 702
47 48
1268 1270
869 877
1665 1668
1154 1155
352 355
502 505
1981 1983
746 750
1258 1262
675 678
2 4
1450 1455
31 32
35 37
897 898
1982 1985
186 187
1862 1863
824 825
486 489
81 82
704 705
1556 1559
1404 1406
1448 1452
1006 1010
920 921
1112 1113
132 348
170 171
1188 1189
808 809
366 367
1794 1797
1919 1920
1582 1584
204 205
630 635
1994 1996
969 971
1481 1483
471 929
8 15
1821 1822
990 994
496 497
1536 1537
1967 1970
454 457
1054 1056
614 619
698 702
1956 1963
1372 1374
1549 1552
1965 1972
96 98
1936 1938
1702 1705
1425 1427
1337 1343
573 577
802 805
215 216
659 660
1171 1172
399 401
1801 1805
78 80
756 1912
1758 1763
599 694
682 686
1776 1778
324 327
162 166
829 830
1013 1025
1634 1635
1803 1806
464 465
544 545
1760 1761
733 735
1893 1895
1032 1034
9 11
1362 1364
203 205
989 998
1812 1814
1192 1195
1301 1303
513 516
1107 1112
1790 1791
385 905
375 376
1331 1332
640 641
813 814
1325 1326
646 1643
433 435
792 794
353 356
1097 1757
1139 1142
622 628
1338 1344
1930 1932
598 604
1744 1746
1069 1473
316 317
384 389
590 591
1102 1103
979 980
432 433
1138 1143
1451 1455
1147 1148
390 393
125 126
54 58
1608 1609
1042 1043
1758 1759
301 1011
1283 1287
864 865
300 301
1014 1019
1460 1461
829 834
1317 1321
1383 1388
461 463
1109 1111
1976 1978
124 143
270 271
1157 1345
1808 1811
1643 1644
1595 1597
1297 1298
104 227
1084 1086
1940 1944
109 110
1912 1915
1085 1087
303 306
271 272
1487 1488
661 664
1093 1097
1352 1357
1646 1651
322 328
652 656
1703 1705
826 827
669 671
1514 1516
1103 1106
615 616
1868 1870
164 168
1384 1387
50 51
1726 1727
340 344
568 571
93 96
408 504
1238 1239
810 811
135 140
282 320
1874 1875
1879 1882
603 605
305 306
1521 1522
152 155
741 743
1253 1255
1880 1883
1966 1973
128 132
385 388
228 236
134 136
1845 1846
1037 1042
885 971
651 655
851 855
1027 1028
1620 1625
1910 1911
5 6
1850 1854
1060 1067
1061 1066
911 919
1500 1502
660 661
65 69
1736 1743
562 566
1373 1374
1144 1146
1673 1674
830 831
47 51
231 310
1489 1490
1429 1433
1268 1271
666 667
1382 1383
869 876
1221 1223
74 78
352 356
1342 1344
420 421
1981 1982
26 28
2 5
1895 1897
1018 1019
1318 1320
1450 1452
35 36
764 765
1276 1277
824 826
1308 1312
768 769
1280 1281
1729 1735
704 706
1279 1281
1002 1003
1448 1453
452 456
91 152
920 922
1112 1114
1199 1201
1188 1190
191 242
748 749
677 679
1189 1191
808 810
1582 1585
204 206
630 632
1994 1997
969 970
1481 1482
1178 1182
1863 1865
986 987
326 328
1958 1959
990 995
773 775
496 498
1536 1538
1695 1697
1244 1245
514 520
127 133
211 214
992 993
1504 1505
1054 1057
614 616
1126 1128
625 629
1403 1406
1372 1375
1233 1235
310 312
1549 1551
1022 1023
1534 1535
1965 1971
96 99
1936 1939
1425 1426
1337 1342
654 656
573 576
215 219
659 663
1171 1175
399 400
1801 1804
758 759
1290 1291
1758 1760
1581 1585
162 167
954 955
1365 1371
138 140
1760 1762
544 546
733 734
1893 1894
1032 1035
9 10
252 256
1724 1728
203 204
989 997
1551 1553
960 961
1472 1473
1812 1815
742 743
1192 1196
1301 1302
1107 1115
375 379
1331 1335
640 642
1641 1644
1064 1065
990 991
1502 1503
331 334
791 794
1391 1393
433 434
1286 1287
1838 1840
666 672
622 629
1163 1165
1338 1345
1540 1541
1930 1933
598 605
1744 1747
1339 1341
316 318
727 732
432 434
1138 1140
1887 1889
1451 1454
1563 1569
813 1562
1608 1610
1283 1286
864 866
811 813
1971 1973
1169 1171
1014 1016
1460 1462
829 833
958 959
1090 1091
1470 1471
1317 1320
143 145
1359 1361
1306 1871
294 295
461 462
1109 1110
1976 1979
1837 1842
1595 1596
543 545
1084 1087
694 695
1912 1916
1764 1765
1085 1086
1890 1891
1093 1096
813 1152
1646 1648
652 657
1703 1704
593 595
1622 1624
1477 1483
669 670
1514 1517
615 619
1408 1409
896 897
1868 1871
164 169
1384 1388
963 1899
177 179
340 345
1691 1693
603 604
1602 1606
1880 1884
741 742
1253 1254
346 350
128 133
572 576
1991 1993
176 177
1721 1722
134 137
1738 1739
1621 1986
1864 1865
1037 1041
651 654
851 854
119 250
1027 1031
132 265
1850 1855
549 553
911 918
1061 1065
1500 1503
660 662
938 976
762 764
65 68
14 15
1761 1766
1899 1900
1144 1147
47 50
1429 1432
406 407
869 875
709 710
1221 1222
74 79
352 357
1959 1961
1342 1345
420 422
746 748
1258 1260
1895 1896
887 889
1318 1321
1450 1453
410 414
31 34
35 39
764 766
1276 1278
824 827
1304 1305
1308 1313
768 770
1280 1282
730 732
1729 1734
704 707
1279 1280
1448 1454
452 457
1006 1008
920 923
1112 1115
1199 1200
1491 1493
1188 1191
748 750
677 678
1189 1190
808 811
1977 1979
1794 1795
368 369
204 207
630 633
761 766
902 904
1863 1864
990 992
1502 1504
773 774
1101 1414
496 499
940 1372
1695 1696
1187 1189
1244 1246
514 521
127 132
1396 1397
1358 1362
992 994
439 441
614 617
1126 1129
745 750
698 700
625 628
1981 1985
444 448
1233 1234
310 313
1549 1550
1965 1970
1337 1341
654 657
1692 1693
1110 1114
802 803
1518 1519
215 218
659 662
1171 1174
399 403
336 337
1758 1761
1356 1357
1580 1581
682 684
1194 1196
1581 1584
162 164
1365 1370
1647 1652
1785 1787
1052 1056
544 547
1760 1763
33 34
1032 1036
252 257
203 207
989 996
1551 1552
960 962
1472 1474
523 528
817 819
1192 1197
1107 1114
790 794
1302 1306
375 378
1331 1334
640 643
1064 1066
41 43
1391 1392
179 181
507 512
1838 1841
1333 1335
1486 1487
1163 1164
1363 1364
391 393
70 72
1540 1542
1162 1356
1744 1748
1339 1340
1455 1626
1951 1953
316 319
979 982
432 435
1138 1141
1887 1888
325 328
1147 1150
1563 1568
413 806
1633 1635
54 56
1608 1611
864 867
76 439
811 812
1971 1972
1169 1170
1014 1017
1460 1463
829 832
638 644
143 144
1359 1360
194 200
1640 1641
1837 1841
364 1348
1595 1599
543 544
1764 1766
271 274
1487 1490
722 852
1646 1649
322 326
1686 1688
1468 1469
1604 1605
1141 1143
142 148
131 133
593 594
1622 1625
1477 1482
1432 1433
615 618
896 898
1408 1410
1601 1603
1384 1389
177 178
1393 1394
248 249
1691 1692
1796 1797
1422 1423
603 607
1880 1885
346 351
572 577
1485 1490
1991 1992
176 178
1119 1121
232 233
785 921
1524 1525
1548 1549
1864 1866
1037 1040
1027 1030
1881 1885
1618 1624
1850 1852
549 552
911 913
1061 1064
660 663
38 39
1492 1496
762 765
1574 1578
216 217
1761 1765
1069 1074
562 564
1311 1313
1465 1469
674 678
1144 1148
292 293
122 126
430 431
869 874
300 1435
1245 1247
74 76
502 508
1959 1960
420 423
849 851
746 749
1258 1261
2 3
1895 1899
887 888
410 415
35 38
386 388
1276 1279
945 947
1304 1306
721 724
1308 1314
281 283
768 771
419 421
1729 1733
704 708
1448 1455
452 458
1006 1009
920 924
828 829
1112 1116
1988 1989
413 417
111 324
1199 1203
1491 1492
808 812
366 370
1977 1978
368 370
761 765
1994 1995
412 413
1178 1180
990 993
1502 1505
812 813
1561 1562
329 331
27 28
1187 1188
1244 1247
514 518
1026 1030
1396 1398
1358 1363
973 975
782 783
992 995
439 440
745 749
1205 1209
1428 1432
698 701
1981 1984
444 449
150 151
1965 1969
1337 1340
1692 1694
1110 1115
659 665
399 402
336 338
1758 1766
1580 1582
682 685
1194 1197
1581 1583
162 165
1365 1369
1076 1080
57 58
1785 1786
1052 1057
544 548
1760 1764
1833 1836
725 732
160 172
473 475
1362 1363
203 206
76 80
989 995
1472 1475
817 818
1107 1117
1302 1307
393 395
640 644
1924 1925
1064 1067
41 42
179 180
500 504
1333 1334
1163 1167
391 392
70 73
1540 1543
1930 1931
1338 1342
1744 1749
1339 1343
1951 1952
1172 1173
590 594
1102 1106
1533 1538
432 436
1887 1891
836 837
1348 1349
881 884
390 396
1633 1634
54 57
1608 1612
1805 1806
1283 1288
864 868
811 815
342 343
932 933
538 540
1704 1705
143 147
1359 1363
537 1672
1383 1385
194 201
270 274
1640 1642
1837 1840
1595 1598
543 547
547 548
786 788
1298 1300
843 845
1303 1305
1493 1495
378 380
322 327
1686 1689
363 369
1604 1606
1141 1142
131 132
1529 1577
1477 1481
1514 1515
1408 1411
1601 1602
1077 1079
248 250
1691 1695
135 137
1446 1447
1796 1798
1749 1750
1285 1287
603 606
1521 1527
1602 1604
346 348
572 578
1485 1489
176 179
1119 1120
101 103
232 234
1693 1698
1889 1891
1524 1526
1548 1550
1037 1039
1881 1884
1166 1168
1618 1625
1850 1853
911 912
75 80
1492 1497
216 218
1761 1764
1896 1897
1069 1073
562 565
1311 1312
1465 1468
674 679
1144 1149
292 294
1592 1593
849 944
869 873
545 547
1942 1944
1245 1246
74 77
1959 1963
715 716
537 540
849 850
26 27
1254 1255
69 71
664 665
1176 1177
1895 1898
887 891
1961 1964
1857 1859
1450 1451
900 904
410 412
386 389
945 946
1304 1307
646 650
1308 1315
281 282
1737 1739
768 772
419 420
1028 1029
1729 1732
81 86
704 709
1279 1282
376 630
452 459
920 925
828 830
1112 1117
1988 1990
413 416
1802 1806
1199 1202
1491 1495
837 841
808 813
366 371
368 371
761 764
1071 1073
1222 1223
412 414
969 975
1178 1181
751 757
1863 1866
990 998
812 814
329 330
1695 1698
1187 1191
514 519
1026 1031
1396 1399
1358 1360
973 974
1830 1834
992 996
439 443
745 748
1205 1208
1409 1411
1428 1433
36 37
1252 1253
444 450
174 175
868 1405
1134 1136
1965 1968
361 390
971 973
1431 1433
1692 1695
1110 1112
1181 1182
659 664
382 383
336 339
1193 1197
1580 1583
1581 1582
1365 1368
138 139
1076 1081
609 612
1052 1058
1760 1765
1179 1181
9 15
725 731
1388 1389
473 474
989 994
1551 1554
1107 1116
790 792
1302 1304
393 394
1331 1336
767 1622
723 724
1235 1236
320 321
688 689
821 1327
1924 1926
951 956
632 1006
1391 1394
179 183
1074 1632
500 505
822 826
350 351
1163 1166
391 395
608 609
1338 1343
1744 1750
1339 1342
1951 1955
727 729
1239 1241
1683 1685
1172 1174
590 595
1533 1537
432 437
1138 1139
1887 1890
1509 1512
1057 1279
836 838
1348 1350
1341 1343
1162 1166
918 919
30 55
811 814
932 934
143 146
1359 1362
1383 1384
171 173
1399 1401
194 198
1831 1836
1640 1643
1837 1839
543 546
786 789
843 844
1303 1304
981 982
1493 1494
378 381
1669 1671
1377 1381
322 324
363 368
769 771
217 219
1566 1567
1477 1480
355 357
1040 1041
1408 1412
231 236
1659 1661
880 881
244 248
1077 1078
248 251
637 639
1691 1694
135 136
1666 1668
1285 1286
1521 1526
1602 1605
346 349
1485 1488
176 180
1119 1123
228 232
101 102
232 235
1693 1697
574 575
134 140
323 325
1889 1890
1685 1689
1524 1527
1548 1551
1037 1038
1618 1622
911 915
1127 1129
848 849
1492 1498
762 763
1574 1576
216 219
1896 1898
1069 1072
1311 1315
674 676
1144 1150
292 295
122 124
1592 1594
869 872
545 546
1101 1106
1959 1962
277 280
279 382
746 747
1258 1259
69 70
1176 1178
153 155
887 890
1857 1858
1516 1517
410 413
1737 1738
419 423
1095 1097
1539 1541
730 731
1028 1030
1190 1191
517 519
1029 1031
81 85
704 710
920 926
828 831
1112 1118
1988 1991
190 192
284 285
90 92
1491 1494
837 840
808 814
366 368
368 372
630 636
1071 1072
482 484
412 415
1121 1123
969 974
751 756
377 379
812 815
346 1449
1329 1336
1187 1190
514 516
1026 1028
127 129
1358 1361
1830 1835
374 378
992 997
439 442
614 620
411 413
1059 1061
1409 1410
698 699
36 38
1252 1254
444 451
1848 1849
1134 1137
658 664
382 386
1965 1967
971 972
1431 1432
1105 1106
1110 1113
358 362
1758 1764
1193 1196
1089 1091
682 683
510 512
1194 1195
719 724
1320 1321
162 163
1390 1391
1647 1649
1542 1543
1269 1275
1876 1877
226 577
760 761
1760 1766
29 34
1179 1180
9 14
725 730
989 993
1008 1009
1397 1401
790 793
1302 1305
186 865
1829 1836
688 690
1924 1927
1566 1568
264 265
744 745
1210 1214
433 438
179 182
108 112
822 827
1486 1490
391 394
608 610
1338 1340
1951 1954
727 728
1239 1240
1683 1684
1615 1617
1172 1175
550 551
590 592
1102 1104
1533 1536
728 729
432 438
1706 1710
187 188
836 839
1186 1190
1348 1351
1341 1342
1162 1167
239 241
976 977
1056 1057
586 588
1169 1175
1227 1229
1723 1728
932 935
1383 1387
171 172
1399 1400
194 199
1664 1665
270 272
1640 1644
1837 1838
843 847
1303 1307
223 225
1649 1651
1669 1670
865 868
1377 1380
1646 1652
322 325
363 371
769 770
652 653
1094 1098
217 218
355 356
1040 1042
17 19
1340 1341
1751 1757
602 606
1408 1413
1614 1615
177 183
1659 1660
880 882
244 249
637 638
1149 1150
456 457
135 139
1888 1889
1422 1426
1521 1525
1485 1487
1530 1532
176 181
1294 1295
1119 1122
228 233
232 236
1693 1696
323 324
713 716
1685 1688
241 243
1164 1168
1618 1623
1850 1851
911 914
365 372
1127 1128
848 850
1574 1577
689 1158
216 220
1896 1899
1069 1071
311 727
562 563
1311 1314
674 677
1419 1425
122 125
1925 1927
541 548
107 112
74 75
1101 1105
1324 1328
1115 1117
1176 1179
93 95
153 154
905 907
59 64
1516 1518
386 387
1662 1663
309 313
646 648
1957 1964
419 422
1095 1096
1539 1540
1028 1031
517 518
1029 1030
81 84
392 393
190 193
1573 1578
284 286
1802 1804
1491 1497
249 1780
808 815
695 697
366 369
1466 1468
1854 1855
1543 1545
1121 1122
969 973
1178 1179
1894 1895
1733 1735
377 378
990 996
1444 1445
1630 1631
1938 1939
514 517
1026 1029
127 128
1830 1832
84 85
374 379
141 186
992 998
614 621
411 412
1059 1060
36 39
1252 1255
361 362
1792 1793
658 665
382 387
1965 1966
1337 1345
971 975
1110 1118
1476 1480
1558 1562
1758 1765
551 553
1089 1090
1260 1261
1701 1703
1320 1322
1647 1648
483 484
673 788
53 58
1269 1274
1876 1878
760 762
29 33
1690 1694
647 649
9 13
725 729
838 840
989 992
1008 1010
1107 1118
1397 1400
1829 1835
1756 1757
1630 1934
460 464
688 691
1635 1637
288 289
1566 1569
613 615
264 266
744 746
1210 1215
433 437
1745 1747
822 824
1334 1336
121 123
608 611
1338 1341
727 731
1239 1243
1683 1687
1615 1616
590 593
1102 1105
1782 1783
728 730
1706 1711
1186 1191
1978 1979
1162 1164
1080 1081
893 898
239 240
976 978
1056 1058
196 197
586 589
181 183
471 477
697 1708
1169 1174
1276 1280
428 496
1227 1228
1603 1605
1984 1985
538 539
229 236
581 583
215 841
1383 1386
171 175
194 196
1664 1666
270 273
1297 1300
786 787
1298 1299
843 846
1303 1306
223 224
1903 1905
1649 1650
378 379
821 827
180 181
1225 1227
363 370
146 148
652 654
1094 1099
341 343
1678 1679
1722 1799
1040 1043
175 208
1851 1853
17 18
1340 1342
23 28
1751 1756
602 607
207 208
1650 1652
343 912
177 182
1659 1663
880 883
720 984
244 250
1780 1781
456 458
135 138
1888 1890
1323 1325
1422 1427
305 308
1521 1524
1341 1345
1602 1603
1982 1983
497 524
195 197
655 657
346 347
806 807
1485 1486
176 182
1567 1569
228 234
1494 1495
1718 1719
323 327
347 349
241 242
485 487
1618 1620
132 133
705 845
1557 1559
894 895
365 371
848 851
1920 1921
216 221
14 16
1896 1900
1069 1070
874 878
1673 1676
1419 1424
689 691
118 119
1925 1926
541 547
1101 1104
849 855
1115 1116
1176 1180
93 94
1765 1766
905 906
858 862
1870 1871
775 777
832 833
1200 1201
1516 1519
102 103
410 411
1990 1992
453 455
309 312
646 649
738 742
281 287
1295 1300
1884 1885
1957 1963
200 201
419 425
1095 1099
1539 1543
416 417
1292 1677
392 394
1573 1577
284 287
1639 1644
1802 1805
1491 1496
9 16
526 527
1038 1039
695 696
699 701
1466 1469
1071 1074
1543 1544
969 972
1941 1944
1430 1431
1733 1734
1544 1545
990 997
442 711
1444 1446
421 423
1770 1772
127 131
683 685
1843 1845
1830 1833
706 710
84 86
374 376
922 926
1434 1438
411 415
1059 1063
645 650
658 662
382 384
516 520
1607 1612
1337 1344
729 731
414 415
971 974
1476 1481
358 360
551 552
275 277
1260 1262
1701 1702
1586 1594
1647 1651
507 509
1392 1393
53 57
1269 1273
760 763
29 32
1690 1695
1179 1182
647 648
9 12
725 728
838 841
136 137
1699 1701
1829 1834
639 644
1908 1909
460 465
1635 1636
288 290
491 493
951 953
1717 1722
613 614
264 267
744 747
1210 1212
433 436
1807 1809
835 837
1745 1746
822 825
1486 1488
121 122
608 612
939 944
466 470
598 599
1314 1315
727 730
1239 1242
1683 1686
475 477
1360 1361
410 416
728 731
1706 1708
1186 1188
1162 1165
634 636
105 106
893 897
569 571
1633 1638
1564 1568
239 243
976 979
196 198
181 182
471 476
1169 1173
10 14
1276 1281
1603 1604
229 235
581 582
171 174
194 197
1664 1667
1831 1833
1478 1482
618 620
1769 1771
223 227
1903 1904
247 249
434 438
821 826
180 182
1225 1226
322 323
1998 1999
397 403
1415 1417
652 655
1094 1096
341 342
593 597
1040 1044
1851 1852
1340 1343
796 797
726 730
602 604
1601 1606
231 233
177 181
1659 1662
880 884
244 251
1780 1782
456 459
889 891
1666 1667
1888 1891
1323 1324
1681 1682
1422 1424
1341 1344
101 129
195 196
655 656
176 183
1567 1568
228 235
923 925
873 875
323 326
347 348
1011 1013
485 486
1980 1981
894 898
1618 1621
199 201
1216 1217
1557 1558
365 370
1127 1130
848 852
1231 1236
793 1126
674 675
1419 1427
995 997
689 690
1905 1906
122 123
1414 1418
541 546
141 148
1101 1103
849 854
1176 1181
1287 1288
775 776
832 834
1200 1202
1990 1993
414 416
453 454
776 777
1133 1137
1256 1257
945 950
738 743
281 286
1957 1962
1737 1743
419 424
481 1043
1095 1098
1539 1542
392 395
143 166
1573 1576
963 965
1935 1937
90 91
1062 1063
699 700
1823 1825
804 805
1316 1317
1146 1150
482 483
942 943
1543 1547
751 753
1544 1546
1834 1836
1687 1689
1444 1447
1361 1363
329 334
421 422
580 1197
514 515
1026 1027
127 130
1358 1364
683 684
1843 1844
1152 1153
374 377
1799 1805
1434 1439
411 414
1059 1062
735 737
645 649
1969 1971
1233 1236
1443 1445
658 663
1281 1282
382 385
516 521
116 117
729 730
1110 1116
867 868
1476 1482
358 361
529 531
1558 1560
1114 1118
450 451
275 276
719 721
1390 1394
1647 1650
507 508
1392 1394
53 56
1269 1272
994 998
760 764
100 101
924 925
1590 1594
1690 1692
968 969
238 239
160 161
473 478
76 77
136 138
664 1996
291 1114
539 540
1699 1700
1829 1833
1908 1910
1621 1623
1017 1019
288 291
491 492
951 952
1717 1721
264 268
744 748
1210 1213
1597 1599
1807 1808
835 836
1486 1489
753 755
662 663
1174 1175
1338 1339
1001 1003
1513 1515
1683 1689
475 476
1360 1362
410 417
728 732
1700 1704
1706 1709
1534 1538
206 207
1186 1189
395 396
1588 1592
711 999
893 896
569 570
1633 1637
1564 1569
239 242
976 980
447 449
196 199
586 587
1284 1288
1671 1676
1357 1774
1169 1172
10 15
1276 1282
985 987
158 159
1100 1104
1841 1842
229 234
1664 1668
1831 1832
19 21
1747 1749
1478 1483
618 621
1769 1770
223 226
247 248
624 625
821 825
180 183
1136 1137
1012 1016
189 191
363 372
397 402
903 904
1415 1416
1094 1097
94 119
593 596
1040 1045
1851 1855
796 798
726 731
602 605
1601 1605
231 232
1207 1209
1508 1512
1860 1861
173 175
373 375
177 180
1342 1343
304 305
1780 1783
889 890
1888 1892
1323 1327
1422 1425
210 214
854 855
1366 1367
195 199
219 221
592 593
1104 1105
1530 1531
172 173
1332 1333
1294 1298
1962 1964
923 924
466 545
1815 1817
1355 1357
1922 1926
759 765
873 874
237 243
347 351
1011 1012
1980 1982
330 550
199 200
643 644
1216 1218
1989 1993
1046 1050
819 1691
365 369
368 475
921 923
848 853
874 876
1386 1388
1419 1426
995 996
178 182
1589 1591
541 545
141 147
1101 1102
849 853
1115 1118
306 308
1176 1182
858 860
59 69
1200 1203
414 417
776 778
1133 1136
945 949
1327 1328
738 740
667 672
281 285
1957 1961
1737 1742
1539 1545
856 1218
392 396
1556 1560
963 964
1935 1936
327 341
1270 1271
1802 1803
1491 1498
366 372
1823 1824
1466 1467
804 806
1316 1318
929 950
293 295
1543 1546
751 752
708 709
1544 1547
1687 1688
1361 1362
329 333
1688 1689
1843 1847
1152 1154
706 708
254 256
1799 1804
922 924
1434 1436
1576 1577
1059 1065
735 736
645 648
1969 1970
282 494
468 469
692 693
793 794
1443 1444
658 660
1875 1877
258 262
116 118
853 855
1110 1117
1476 1483
529 530
1558 1561
275 279
719 720
158 160
324 328
1586 1592
507 511
1785 1788
760 765
100 102
924 926
1690 1693
413 415
968 970
647 650
473 477
76 78
136 139
501 503
817 820
1699 1703
1829 1832
1908 1911
1621 1622
1017 1018
1635 1638
288 292
951 955
41 44
1055 1057
1717 1720
264 269
744 749
1206 1207
1597 1598
1759 1765
278 306
226 227
1198 1199
835 839
1807 1811
753 754
1510 1512
466 468
267 269
70 210
405 407
1001 1002
1513 1514
1683 1688
590 596
1360 1363
1700 1705
1162 1163
1588 1593
1633 1636
976 981
447 448
471 478
1237 1243
404 405
10 12
985 986
1100 1105
1603 1606
229 233
1814 1816
418 424
1109 1118
1417 1418
194 195
1831 1835
19 20
1747 1748
1478 1480
1903 1906
247 251
434 436
624 626
821 824
1012 1017
189 190
397 401
146 147
1120 1121
1678 1682
585 587
1851 1854
307 461
23 25
1751 1753
796 799
726 728
1601 1604
1650 1651
231 235
235 236
1207 1208
492 1749
173 174
373 374
1853 1855
304 306
197 201
962 1271
1323 1326
1628 1919
195 198
219 220
592 594
1104 1106
1195 1197
172 174
1332 1334
1294 1299
1603 1941
1355 1356
1815 1816
1922 1927
333 334
759 764
1690 1698
323 328
1816 1817
237 242
347 350
1011 1015
191 193
1980 1983
894 896
1241 1243
1618 1619
1216 1219
1989 1992
1552 1553
365 368
921 922
848 854
8 29
787 789
165 169
874 877
1386 1389
178 183
1414 1416
1268 1272
1589 1590
1661 1663
541 544
141 146
502 503
849 852
12 16
858 861
1857 1861
775 778
477 478
1133 1135
945 948
1086 1087
738 741
281 284
1295 1297
48 49
1737 1741
1957 1960
486 487
1539 1544
1556 1561
711 716
963 967
1935 1939
1639 1641
1274 1275
422 424
1038 1042
699 702
1823 1827
907 909
804 807
1316 1319
293 294
1146 1148
751 755
1131 1137
708 710
522 526
329 332
311 420
1329 1331
278 279
1770 1771
1330 1336
359 408
1177 1179
683 686
1843 1846
1830 1836
706 709
1152 1155
1319 1321
254 257
454 455
922 925
1434 1437
1217 1819
1576 1578
1059 1064
1409 1413
1645 1652
468 470
692 694
282 286
1443 1447
658 661
1675 1676
1875 1876
1607 1609
258 263
116 119
1242 1243
1702 1703
853 854
1541 1543
129 131
1308 1309
1974 1978
1114 1116
275 278
719 723
158 161
1390 1392
1586 1593
507 510
994 996
760 766
100 103
1590 1592
162 1714
124 125
413 414
968 971
156 160
473 476
76 79
136 140
501 502
1812 1816
1699 1702
393 396
639 641
886 890
288 293
491 494
951 954
1047 1211
1055 1056
1435 1437
744 750
1210 1211
108 109
1759 1764
37 39
835 838
1807 1810
311 313
1523 1525
1653 1655
394 1171
316 320
466 469
267 268
1943 1944
405 406
870 874
475 478
590 597
1360 1364
598 820
1706 1707
1534 1536
55 75
1832 1833
1186 1187
901 904
1588 1594
390 391
634 635
1228 1229
754 1604
1784 1785
976 982
1053 1058
980 1030
447 451
471 473
915 917
1237 1242
404 406
10 13
253 257
1100 1106
209 219
229 232
1520 1521
1814 1817
418 425
1109 1117
1831 1834
1478 1481
618 619
643 682
247 250
1132 1136
434 437
624 627
1012 1018
397 400
1415 1418
1120 1122
217 221
245 247
585 586
17 22
23 24
1751 1752
1423 1425
726 729
602 603
1614 1616
74 80
934 938
1752 1753
231 234
1853 1854
304 307
197 200
1263 1265
272 273
1488 1489
1568 1569
1610 1612
1033 1035
210 212
11 13
967 1486
149 151
195 201
592 595
1195 1196
172 175
1332 1335
1294 1296
87 92
923 926
1922 1924
1157 1161
1457 1459
1889 1892
237 241
1011 1014
191 192
894 897
1164 1165
1241 1242
1216 1220
1552 1554
1041 1043
1046 1048
365 367
848 855
189 193
787 788
165 168
1231 1233
576 577
1456 1457
995 998
178 180
893 1947
1414 1417
1268 1273
1661 1662
1221 1229
545 548
141 145
588 589
1324 1325
1748 1749
774 778
905 910
1886 1890
1857 1860
1133 1134
1295 1296
48 50
1737 1740
1265 1267
703 709
1539 1547
1556 1562
1693 1695
963 966
1935 1938
1639 1640
422 425
1038 1043
1823 1826
907 908
1146 1149
1121 1125
751 754
959 961
1131 1136
377 381
1834 1835
522 527
1613 1617
302 303
670 671
1627 1629
1329 1330
605 607
1177 1178
1843 1849
1152 1156
374 380
1319 1320
1799 1806
1059 1067
1409 1412
1645 1651
763 765
692 695
1579 1585
1158 1160
705 1808
282 287
1443 1446
382 388
1607 1608
258 260
1541 1542
470 571
291 293
129 130
1308 1310
1684 1685
1974 1979
1114 1117
285 287
719 722
747 749
1390 1393
1586 1590
885 887
994 997
816 817
1590 1593
1690 1691
124 126
968 972
1893 1900
238 242
156 161
509 1445
1812 1817
228 275
1699 1705
639 640
400 401
166 168
460 461
596 597
886 891
1108 1109
288 294
1435 1436
108 110
37 38
222 226
835 841
1745 1750
311 312
1523 1524
121 126
1653 1654
509 511
316 321
973 1229
870 875
1063 1065
1534 1537
276 277
1832 1834
1654 1656
1506 1512
1784 1786
1053 1057
447 450
471 472
915 916
1671 1673
1237 1241
404 407
253 256
1520 1522
418 422
1052 1053
1109 1116
19 22
1484 1488
1747 1750
1093 1308
800 801
1312 1313
1890 1926
989 991
42 44
265 267
1132 1137
526 890
624 628
1012 1019
1846 1848
397 399
769 772
633 635
1145 1147
1120 1123
51 52
217 220
518 520
1678 1680
245 246
17 21
23 27
1751 1755
1423 1424
726 734
1614 1617
1752 1754
805 807
1674 1676
617 619
304 308
1263 1264
272 274
1488 1490
55 57
755 757
693 695
1033 1034
210 213
11 12
1813 1817
149 150
195 200
399 466
592 596
1218 1220
1294 1297
1962 1963
330 1264
1810 1811
1922 1925
1157 1160
739 741
1457 1458
759 766
134 135
890 891
980 981
1204 1205
1690 1696
237 240
1011 1017
1164 1166
1041 1042
1046 1049
660 664
365 366
535 540
189 192
1863 1886
1231 1232
576 578
1456 1458
874 875
670 672
1386 1387
1420 1424
178 181
1583 1585
1268 1274
1734 1735
1221 1228
141 144
1324 1326
1748 1750
420 424
1013 1015
1865 1866
306 307
707 709
905 909
858 859
1318 1319
1886 1891
1572 1573
1402 1406
738 739
1295 1299
48 51
620 643
859 861
1265 1266
703 708
1539 1546
1693 1694
1918 1919
1639 1643
526 528
1038 1040
1201 1203
630 631
1121 1124
959 960
377 380
326 327
916 917
522 524
1613 1616
1627 1628
1330 1334
605 606
1117 1118
1843 1848
706 707
374 381
1799 1801
1856 1857
1434 1435
614 615
922 923
1126 1127
1024 1103
1059 1066
965 967
330 334
554 558
1645 1650
763 764
1579 1584
1158 1161
254 481
310 311
258 402
701 702
282 284
712 713
658 659
1886 1887
382 389
1875 1878
1607 1611
258 261
928 929
1440 1441
181 300
291 292
1308 1311
1684 1686
1974 1976
285 286
1786 1788
1089 1092
275 280
498 499
1550 1551
747 748
1723 1725
0 1
1586 1591
685 686
885 886
816 818
968 973
1893 1899
238 243
1301 1307
933 935
1699 1704
639 643
731 732
400 402
166 169
460 462
886 888
1108 1110
1398 1400
288 295
1055 1058
1435 1439
108 111
1759 1766
222 227
1198 1202
835 840
1745 1749
1523 1527
117 120
121 125
1540 1544
509 510
383 389
1754 1756
740 1134
575 795
46 47
466 467
1438 1439
224 225
870 872
1513 1519
1063 1064
343 345
1522 1526
276 278
1832 1835
214 750
254 255
1654 1657
493 494
1784 1787
1053 1056
471 475
915 919
1671 1672
1237 1240
10 11
1014 1015
1797 1798
648 649
1520 1523
1051 1053
418 423
1052 1054
1109 1115
1151 1156
29 31
394 396
845 1649
1484 1489
800 802
1312 1314
289 291
989 990
1637 1638
1649 1652
265 266
434 435
624 629
1859 1861
1225 1229
1846 1849
251 366
397 398
633 634
1145 1146
1120 1124
1678 1681
518 521
1622 1623
978 982
17 20
222 223
1826 1827
23 26
1751 1754
1423 1427
1499 1501
144 145
364 372
934 936
1752 1755
83 85
805 806
617 618
804 1974
1263 1267
55 56
755 756
59 61
1057 1058
693 694
983 988
253 255
11 15
1813 1816
1605 1606
592 597
966 967
20 21
1642 1644
1065 1067
739 740
1271 1273
759 761
946 950
873 878
980 982
1204 1206
1458 1462
1690 1697
237 239
1011 1016
190 191
1421 1427
1164 1167
108 258
18 22
660 665
89 91
1231 1235
1456 1459
1420 1425
1298 1845
1583 1584
1268 1275
481 483
1078 1080
1221 1227
925 926
141 143
1835 1836
1324 1327
420 425
774 776
1013 1014
707 708
1167 1168
905 908
1886 1888
1571 1573
1572 1574
620 621
1897 1899
1295 1298
48 52
859 860
823 825
1346 1350
997 998
569 743
828 832
711 713
1639 1642
1038 1041
449 451
1022 1024
604 605
1902 1903
907 910
1201 1202
519 1653
902 903
942 944
1146 1147
1272 1273
916 918
522 525
1613 1615
1501 1505
1627 1631
1330 1335
1396 1400
1319 1322
1799 1800
754 756
1856 1858
495 538
965 966
554 559
1645 1649
1800 1801
1839 1841
1691 1697
282 285
712 714
1607 1610
928 930
1440 1442
563 565
529 534
291 295
667 1148
1987 1989
1684 1687
1974 1977
1114 1115
24 25
1240 1241
1723 1724
0 2
1586 1588
1828 1829
994 995
1454 1455
816 819
968 974
1893 1898
238 240
354 356
722 724
1739 1741
523 525
1873 1875
1301 1306
933 934
661 663
639 642
400 403
460 463
886 889
1108 1111
1398 1401
760 1880
1435 1438
1410 1412
1759 1761
222 224
1198 1203
246 250
1745 1748
1305 1307
1523 1526
1309 1315
121 124
283 285
70 71
1540 1545
383 388
628 629
1140 1141
1754 1757
1891 1892
224 226
870 873
64 283
1513 1518
1852 1853
1063 1067
1299 1300
343 344
1522 1527
276 279
206 208
1832 1836
230 234
1531 1532
1506 1510
54 55
1784 1788
1436 1437
1180 1335
1992 1993
471 474
915 918
1671 1675
1308 1427
1100 1101
648 650
1353 1355
1520 1524
1051 1052
418 420
1052 1055
1109 1114
29 30
1997 1999
1484 1490
1529 1531
242 243
800 803
1312 1315
1003 1004
289 290
1859 1860
1225 1228
1192 1283
1686 1687
1120 1125
268 269
297 299
1423 1426
726 732
987 988
144 146
1499 1500
435 437
934 937
1752 1756
718 719
1230 1231
868 1240
83 84
1593 1594
1005 1010
1263 1266
59 60
1471 1473
1610 1611
253 254
210 211
814 815
11 14
87 89
531 533
1043 1045
20 22
1065 1066
1922 1923
739 743
43 44
759 760
1715 1716
1271 1272
1458 1463
873 877
1204 1207
1648 1649
1845 1849
237 238
1213 1215
1011 1019
1421 1426
1928 1929
803 805
921 926
479 484
89 90
1231 1234
1456 1460
1259 1261
700 701
1212 1213
1420 1426
178 179
387 389
481 482
1078 1081
1221 1226
141 142
774 777
1956 1957
1616 1617
1886 1889
684 685
1844 1845
504 505
1571 1572
1867 1869
1572 1575
845 847
1402 1404
1897 1898
823 824
1346 1351
703 710
828 833
711 712
1155 1156
1988 1992
152 273
488 489
449 450
1022 1025
604 606
1898 1900
1272 1274
687 871
959 962
1159 1161
916 919
773 778
1613 1614
302 306
1501 1504
472 473
202 206
1627 1630
1329 1335
818 820
1330 1332
1101 1291
1396 1401
857 859
1799 1803
754 757
1856 1859
330 332
554 556
1645 1648
1800 1802
1969 1973
763 766
1839 1840
1691 1696
225 227
712 715
441 443
258 259
928 931
1440 1443
563 564
729 732
1162 1168
1223 1229
529 533
291 294
1987 1988
24 26
1240 1242
747 750
1723 1727
0 3
1586 1589
1828 1830
1317 1319
440 441
320 671
816 820
968 975
1893 1897
238 241
1732 1733
446 450
805 1909
354 357
523 524
1739 1740
1873 1874
1301 1305
661 662
1093 1095
1946 1948
424 425
1410 1413
1759 1760
222 225
95 381
1198 1200
246 251
1670 1674
1305 1306
753 757
1309 1314
283 284
1540 1546
1140 1142
224 227
371 372
870 878
1513 1517
1852 1854
1063 1066
1522 1524
836 840
230 235
92 200
1506 1511
1436 1438
1671 1674
1100 1102
932 936
1353 1354
1520 1525
1051 1055
418 421
1109 1113
651 657
1997 1998
1529 1530
800 804
1769 1772
42 43
1060 1061
1250 1251
717 724
978 980
779 781
1995 1997
917 919
1429 1431
297 298
1499 1503
144 147
435 436
1752 1757
1674 1675
1005 1009
1082 1086
55 58
59 63
1471 1472
1862 1866
1497 1498
1277 1282
115 117
1253 1257
68 69
1218 1219
1294 1300
87 88
531 532
1043 1044
1344 1345
1712 1713
842 846
20 134
739 742
1457 1463
759 763
1271 1275
946 948
873 876
1458 1460
1648 1650
1845 1848
1213 1214
114 120
1011 1018
1421 1425
1374 1375
1632 1633
1928 1930
1097 1099
1169 1718
803 804
18 20
75 77
535 537
921 925
1047 1049
1456 1461
1259 1260
1211 1213
700 702
1212 1214
1420 1427
387 388
1221 1225
1942 1943
1570 1578
1956 1958
12 13
707 710
684 686
1844 1846
599 605
1111 1117
1571 1575
1867 1868
845 846
1402 1405
859 862
823 827
1346 1348
703 705
1170 1174
1918 1920
828 834
711 715
1272 1599
1379 1381
1988 1993
604 607
1694 1698
513 521
1640 1852
1904 1905
1272 1275
1159 1160
773 777
522 523
1526 1527
302 307
472 474
1361 1364
202 207
1329 1334
524 528
1330 1333
1177 1182
541 543
857 858
1799 1802
1856 1860
801 803
1252 1256
330 333
554 557
1645 1647
1800 1803
1969 1972
1598 1599
508 512
1020 1024
1347 1349
1072 1073
225 226
560 561
282 283
712 716
909 910
325 327
441 442
1440 1444
1110 1111
1223 1228
488 778
529 532
72 73
1987 1991
656 657
1872 1873
1786 1787
24 27
1240 1243
1550 1554
1723 1726
0 4
595 597
1931 1933
1828 1831
1317 1318
440 442
1893 1896
1732 1734
446 451
113 120
523 527
1739 1743
1301 1304
790 791
1302 1303
1093 1094
532 533
1946 1949
1759 1763
1198 1201
246 248
1670 1675
753 756
1309 1313
283 287
1540 1547
1140 1143
1754 1755
631 636
1877 1878
46 50
970 974
1001 1004
1513 1516
1852 1855
641 643
1462 1463
1153 1155
991 997
1238 1242
286 287
1522 1525
836 841
230 232
1719 1839
1506 1508
1436 1439
993 995
30 34
676 752
185 187
668 672
985 988
379 381
1100 1103
932 937
1520 1526
1051 1054
1109 1112
1151 1153
651 656
394 395
1374 1376
800 805
1060 1062
1132 1133
1669 1676
549 551
1061 1063
184 185
1385 1387
363 365
717 723
1340 1344
978 981
779 780
1995 1996
585 589
198 200
917 918
1429 1430
1382 1386
1499 1502
144 148
168 169
83 86
1507 1509
1740 1741
1005 1008
1082 1087
59 62
1471 1475
546 548
983 985
367 372
1277 1281
115 116
1253 1256
68 70
906 910
890 1393
87 91
1712 1714
1642 1643
842 847
1768 1769
1457 1462
759 762
1271 1274
946 949
1458 1461
1648 1651
1421 1424
1685 1823
1632 1634
427 429
929 931
1742 1983
1928 1931
222 354
1097 1098
803 807
18 21
75 76
535 536
921 924
259 261
1047 1048
1574 1575
213 214
1958 1962
536 537
1456 1462
1211 1212
37 105
1212 1215
1658 1662
1221 1224
784 785
376 377
1545 1547
1009 1207
866 868
1956 1959
12 14
759 1140
1844 1847
599 604
1111 1116
893 895
1571 1574
1867 1871
1247 1249
758 762
360 361
823 826
1346 1349
703 704
1170 1175
1918 1921
582 583
205 208
711 714
1379 1380
1626 1630
1038 1044
1088 1089
1968 1969
1902 1906
344 345
513 520
1904 1906
1016 1183
1480 1481
653 657
773 776
1696 1697
302 304
472 475
202 204
1329 1333
1177 1181
541 542
754 755
1856 1861
801 802
1252 1257
1800 1804
1645 1646
1020 1025
1839 1842
1691 1698
1347 1348
560 562
1072 1074
49 51
325 326
1440 1445
563 566
315 321
780 781
937 1098
129 133
1987 1990
1872 1874
24 28
0 5
1586 1587
1309 1732
595 596
1931 1932
440 443
1732 1735
1098 1099
446 448
765 766
354 355
722 723
523 526
1326 1327
1739 1742
1694 1695
1629 1631
1929 1931
532 534
1950 1954
613 621
1410 1411
1759 1762
246 249
1670 1672
749 750
1309 1312
283 286
770 772
383 385
46 51
970 975
1416 1417
82 255
870 876
617 626
641 642
1153 1154
991 996
1238 1243
797 799
1719 1721
230 233
1709 1711
1909 1911
521 1034
690 691
1506 1509
993 994
185 186
379 380
932 938
1746 1750
1520 1527
110 111
418 419
1151 1152
1755 1757
912 913
972 973
1484 1485
1620 1621
1016 1017
800 806
289 295
1060 1063
1493 1498
1132 1134
1669 1675
549 550
1061 1062
184 186
1385 1386
65 73
363 364
1335 1336
240 241
1145 1150
1021 1023
717 722
1340 1345
779 783
1995 1999
585 588
198 201
1382 1387
1000 1001
435 438
364 368
1575 1577
961 962
411 417
788 789
718 722
1230 1234
1507 1508
1740 1742
1005 1007
1517 1519
1082 1084
1471 1474
983 984
1862 1864
1277 1280
984 985
115 119
319 321
68 71
1564 1565
1369 1371
30 31
87 90
531 534
1712 1715
495 497
1824 1825
404 432
101 106
842 844
1768 1770
1457 1461
1289 1291
1648 1652
114 118
1421 1423
1632 1635
119 120
427 428
123 125
929 930
1928 1932
1041 1045
803 806
75 79
535 539
259 260
479 481
1958 1963
1986 1992
536 538
1456 1463
1259 1262
1211 1215
908 909
1420 1421
952 953
1658 1663
784 786
107 109
567 569
1079 1081
1779 1781
60 61
1570 1576
1205 1207
376 378
1545 1546
1035 1036
463 465
12 15
1886 1892
82 86
599 607
893 894
936 937
1571 1577
1867 1870
1247 1248
646 647
1402 1403
758 763
360 362
703 707
1170 1172
205 207
1365 1367
877 878
1626 1631
1038 1045
15 16
1088 1090
1968 1970
1023 1025
203 208
497 499
1898 1899
1694 1696
66 72
584 612
570 571
1480 1482
653 656
1165 1168
1696 1698
302 305
472 476
202 205
1329 1332
818 819
1330 1331
1177 1180
3 5
1679 1681
1370 1371
1830 1831
415 417
330 331
554 555
1800 1805
1710 1711
1068 1072
1347 1351
560 563
1866 1961
1883 1885
49 50
715 965
349 351
1509 1511
1440 1446
315 320
780 782
129 132
1987 1993
1872 1875
1550 1552
10 16
1039 1045
1651 1765
0 6
1713 1715
1142 1143
190 232
104 105
446 449
838 839
1940 1941
273 782
627 629
1629 1630
1929 1930
945 1901
1946 1947
1950 1955
613 620
1477 1479
88 89
824 1529
1787 1788
1333 1336
1670 1673
1762 1766
822 823
1334 1335
164 165
1224 1225
383 384
1952 1953
46 48
340 341
970 972
1416 1418
870 877
1238 1240
797 798
1522 1523
1719 1720
623 1369
1709 1710
1909 1910
370 372
30 32
196 200
1445 1447
1151 1155
1755 1756
912 914
463 1168
1707 1709
401 403
1730 1734
972 974
1484 1486
1620 1622
1278 1282
1016 1018
800 807
289 294
265 269
1132 1135
1493 1497
1669 1674
184 187
65 72
1773 1778
363 367
240 242
474 1548
1145 1149
1021 1022
1407 1413
717 721
1753 1755
98 99
558 559
779 782
978 979
1070 1071
1950 1951
1995 1998
736 737
1382 1384
869 871
1000 1002
364 369
1575 1576
1367 1369
411 416
491 894
718 723
1230 1235
277 279
1372 1376
1507 1511
617 621
1077 1081
1740 1743
1005 1006
1517 1518
1082 1085
1450 1465
983 987
1033 1036
1862 1865
984 986
1160 1161
115 118
319 320
1563 1565
1564 1566
314 320
1053 1055
906 908
1369 1370
530 1084
1712 1716
495 496
1824 1826
1515 1517
1975 1977
101 105
1313 1315
452 453
842 845
1768 1771
1457 1460
777 778
1289 1290
946 947
1458 1459
1980 1984
114 119
1421 1422
837 839
1632 1636
427 431
123 124
458 459
1928 1933
28 41
1041 1044
584 585
18 19
734 735
75 78
535 538
1047 1050
259 263
479 480
1958 1960
1986 1993
436 437
536 539
1211 1214
1419 1421
908 910
1420 1422
952 954
1658 1660
1129 1130
1917 1921
784 787
107 108
567 568
1079 1080
1779 1780
273 274
60 62
1570 1577
460 832
1205 1206
376 379
1277 1279
463 464
69 73
150 154
599 606
1111 1118
1990 1991
767 772
1044 1045
936 938
1571 1576
1247 1251
555 557
758 760
1818 1822
1346 1347
703 706
1170 1173
205 206
1365 1366
530 534
1354 1796
1820 1821
1626 1628
601 603
798 799
1113 1115
1088 1091
1968 1971
511 512
1023 1024
1255 1257
497 498
1694 1697
1902 1904
66 73
323 1610
388 389
1660 1661
1480 1483
653 655
1165 1167
1913 1915
187 517
472 477
1286 1288
3 4
1219 1220
1679 1680
1163 1168
374 375
415 416
1947 1949
1800 1806
681 683
1068 1073
1347 1350
560 564
45 52
1883 1884
875 877
349 350
1509 1510
1440 1447
1223 1225
780 783
358 359
1987 1992
1901 1906
1872 1876
1550 1553
850 854
1473 1475
318 320
1039 1044
1628 1629
0 7
1931 1934
267 531
1713 1714
1926 1927
104 106
55 961
694 696
1940 1942
1484 1594
1873 1878
1500 1504
627 628
1108 1116
255 257
1950 1952
613 619
1477 1478
88 90
164 166
1224 1226
383 387
1952 1954
631 633
939 941
1587 1589
46 49
1441 1443
340 342
970 973
991 998
1238 1241
1128 1863
159 161
1 3
914 918
1506 1507
1966 1967
1775 1777
30 33
196 201
1378 1380
1746 1748
209 211
1445 1446
1685 1687
1151 1154
912 915
1707 1708
1730 1735
401 402
972 975
1484 1487
1620 1623
1016 1019
289 293
265 268
1493 1496
1669 1673
734 736
184 188
1773 1777
363 366
240 243
633 636
795 797
1145 1148
1094 1095
1407 1412
623 629
717 720
1753 1754
1395 1397
1382 1385
406 408
869 870
1000 1003
364 370
1474 1475
1367 1368
718 720
1230 1232
277 278
373 381
1507 1510
1714 1716
617 620
1077 1080
317 646
1124 1125
1948 1949
546 547
1774 1775
983 986
1285 1288
367 369
1184 1185
262 263
984 987
115 121
1563 1564
1564 1567
314 321
1053 1054
906 909
825 827
495 499
1824 1827
1515 1516
1975 1976
101 104
1313 1314
452 454
1768 1772
437 438
591 597
1980 1985
114 116
561 563
837 838
1632 1637
427 430
1928 1934
1222 1226
584 586
809 811
259 262
479 483
503 505
947 949
1958 1961
145 147
1986 1990
436 438
536 540
830 834
1742 1743
1419 1420
335 337
1420 1423
952 955
1658 1661
1917 1920
784 788
107 111
567 571
1779 1783
60 63
1570 1574
376 380
1277 1278
866 867
69 72
487 489
150 155
82 84
45 96
599 601
1111 1113
1555 1557
453 459
1577 1578
1247 1250
555 556
758 761
517 521
369 371
63 64
1820 1822
1626 1629
601 602
1113 1114
1088 1092
1968 1972
1255 1256
352 1500
1902 1905
66 70
1316 1320
1724 1725
1397 1399
556 613
455 457
899 901
1411 1413
1660 1662
423 559
653 654
1165 1166
1913 1914
472 478
202 203
840 841
622 623
930 931
3 7
857 862
1196 1197
1528 1529
801 807
1947 1948
1869 1871
1914 1916
681 682
1068 1074
560 565
45 51
875 876
272 337
116 120
1223 1224
1667 1668
1558 1559
1901 1905
1945 1947
1872 1877
423 425
850 855
1473 1474
318 321
1628 1630
100 104
1565 1569
694 697
1940 1943
1496 1497
1873 1877
1500 1505
955 956
1882 1884
1108 1117
255 256
1007 1009
1950 1953
613 618
88 91
1501 1503
1354 1356
1762 1764
164 167
1249 1251
1224 1227
953 955
770 771
383 386
1952 1955
631 632
939 940
1587 1588
1441 1442
749 1249
340 343
771 772
130 132
991 993
25 27
1719 1722
230 236
159 160
163 165
1 2
914 919
871 877
1464 1465
1449 1451
1775 1776
785 787
572 573
958 962
1470 1474
157 161
1378 1381
1746 1749
209 210
1353 1357
1685 1686
912 916
1707 1711
1730 1732
705 707
1217 1219
62 64
1278 1280
156 157
356 357
289 292
1669 1672
734 737
332 333
556 557
1492 1493
1773 1776
1034 1492
795 796
623 628
94 98
717 719
524 581
249 251
1244 1248
883 884
1395 1396
1553 1554
297 301
406 409
174 933
1000 1004
364 371
1575 1578
1367 1371
527 528
718 721
1230 1233
373 380
1183 1189
1082 1083
1437 1439
233 235
367 368
1184 1186
673 675
1185 1187
984 988
309 311
1525 1527
115 120
462 463
1563 1567
1332 1336
825 826
495 498
1515 1519
1975 1979
927 929
452 455
290 294
842 843
591 596
642 674
114 117
561 562
1777 1778
632 633
1632 1638
137 139
123 126
610 612
1122 1124
1291 1293
977 979
1557 1562
1222 1227
584 587
1941 1943
809 810
1321 1322
479 482
503 504
947 948
89 92
145 146
1986 1991
522 528
445 447
1419 1423
335 336
952 956
1432 1478
481 484
616 617
784 789
107 110
567 570
1779 1782
1570 1575
376 381
1428 1429
1034 1036
487 488
150 152
444 445
580 581
429 431
82 85
599 600
1111 1112
1555 1556
453 458
21 22
1571 1578
600 601
555 559
1970 1972
1897 1900
758 766
676 677
1818 1820
1170 1171
517 520
369 370
6 7
428 429
564 565
1076 1077
1542 1546
959 1683
1609 1611
530 532
587 589
1559 1561
260 261
725 727
398 399
1968 1973
66 71
1316 1321
1724 1726
1397 1398
455 456
882 884
899 900
95 97
1411 1412
1660 1663
1380 1831
445 451
302 308
500 501
524 525
13 16
3 6
1679 1682
857 861
913 915
1528 1530
801 806
692 696
1869 1870
560 566
45 50
1858 1860
940 944
1223 1227
7 11
1901 1904
1945 1946
1872 1878
423 424
850 852
1701 1705
1628 1631
342 344
1767 1772
1828 1836
100 105
1565 1568
1677 1682
113 115
1546 1547
1496 1498
1873 1876
736 1230
1882 1885
1108 1118
1007 1008
613 617
88 92
964 965
1501 1502
1354 1357
835 1052
1670 1676
1762 1765
1249 1250
1584 1585
1510 1511
1224 1228
1349 1351
953 954
631 635
939 943
1587 1591
970 971
1096 1097
130 133
991 992
948 949
25 26
163 164
914 916
1619 1621
871 876
1464 1466
937 938
1449 1450
370 371
993 998
785 786
572 574
404 408
1470 1475
157 160
1353 1356
549 1407
1814 1815
912 917
1707 1710
1730 1733
1529 1532
167 169
705 706
1217 1218
1278 1281
1478 1479
156 158
332 334
556 558
1492 1494
1773 1775
795 799
341 345
94 99
717 718
1070 1074
249 250
84 189
1244 1249
1395 1399
297 300
575 577
1665 1667
726 727
1726 1728
338 339
1367 1370
1009 1010
1254 1256
373 379
1183 1188
1507 1512
943 944
900 901
1148 1149
1437 1438
542 546
233 234
1692 1696
367 371
1184 1187
673 674
1185 1186
309 310
1525 1526
1563 1566
906 907
820 1377
314 318
1515 1518
1975 1978
927 928
290 295
1573 1575
266 268
696 697
1208 1209
1387 1389
485 489
632 634
137 138
1122 1125
1291 1292
977 978
1557 1561
1222 1224
584 588
1941 1942
1894 1898
1986 1988
830 832
445 446
1116 1117
680 681
402 403
94 95
1419 1422
335 339
359 361
1414 1415
1658 1659
1967 1973
616 618
844 1182
1570 1572
1495 1497
1428 1430
879 884
1956 1964
1386 1812
1467 1469
150 153
444 446
580 582
429 430
1555 1559
599 603
637 644
1111 1115
767 769
453 457
600 602
555 558
1970 1973
676 678
863 868
1818 1821
111 112
1075 1077
428 430
564 566
1076 1078
1542 1547
53 55
1269 1271
218 1666
1609 1610
530 533
1559 1560
587 588
422 423
260 262
1626 1627
725 726
1560 1561
66 68
1316 1322
1724 1727
513 515
506 510
455 459
899 903
95 96
1296 1297
888 889
1400 1401
791 1518
445 450
1234 1236
421 425
353 355
500 502
524 526
999 1004
13 15
1173 1175
857 860
913 914
1324 1396
1528 1531
801 805
490 494
79 80
692 697
872 873
45 49
875 878
1858 1861
1727 1728
1223 1226
1901 1903
474 478
850 853
1701 1704
67 69
1039 1041
1600 1601
342 345
856 857
1368 1369
100 106
1590 1591
1677 1681
113 114
1326 1328
714 716
1226 1228
1929 1934
4 5
142 143
613 616
503 592
964 966
1224 1229
1349 1350
631 634
939 942
1587 1590
46 52
1339 1345
244 245
1804 1805
1096 1098
991 995
948 950
1879 1885
163 167
914 917
1619 1620
376 882
1464 1467
1966 1970
993 997
426 430
1775 1778
1983 1985
572 575
385 387
404 409
958 960
1470 1472
228 229
1494 1498
1718 1722
1378 1379
1746 1747
798 952
110 112
941 944
912 918
167 168
407 409
156 159
380 381
412 416
1385 1389
556 559
1492 1495
1773 1774
1725 1727
795 798
341 344
895 897
1407 1409
94 96
1244 1250
1395 1398
1382 1388
575 576
1665 1666
364 365
1309 1311
420 446
1254 1257
373 378
1183 1191
1714 1715
1840 1841
900 902
1148 1150
542 547
102 106
1774 1778
1692 1697
367 370
1184 1188
348 349
1345 1364
1424 1425
1996 1997
314 319
927 931
290 292
1573 1574
266 269
1246 1250
733 737
114 115
1387 1388
485 488
752 753
1264 1265
632 635
317 319
1533 1535
1557 1560
1222 1225
584 589
1046 1047
1894 1899
8 9
947 950
1958 1964
1986 1989
830 833
1116 1118
680 682
335 338
1168 1459
359 360
1589 1594
1967 1972
616 619
1570 1573
279 280
1495 1496
1428 1431
645 647
1467 1468
831 833
1343 1345
444 447
580 583
1442 1446
1288 1792
82 83
542 543
599 602
637 643
1111 1114
1555 1558
767 768
453 456
720 721
1232 1233
600 603
1801 1803
758 764
676 679
1075 1076
428 431
1076 1079
1542 1544
53 54
1269 1270
180 431
327 328
642 644
1503 1505
260 263
601 607
1560 1562
66 69
513 514
1932 1933
1829 1831
506 511
1641 1643
455 458
899 902
95 99
1296 1298
619 621
1131 1133
1591 1593
1717 1719
888 890
445 449
415 761
421 424
353 354
500 503
524 527
13 14
1173 1174
622 626
1528 1532
1405 1406
598 602
801 804
16 28
1960 1961
1763 1765
103 105
1158 1159
550 552
1914 1915
844 845
1068 1069
872 874
45 48
1541 1547
508 509
1210 1968
1684 1688
1901 1902
67 68
1600 1602
1039 1040
1535 1537
445 607
856 858
1368 1370
1185 1316
492 493
1677 1680
553 1260
303 308
1226 1229
821 823
1731 1733
71 73
1621 1625
515 517
1929 1933
166 167
4 6
1882 1883
1108 1112
1373 1376
37 90
1007 1010
964 967
1354 1355
476 477
1762 1763
1245 1251
1073 1074
1587 1593
1441 1447
1339 1344
97 99
1804 1806
244 246
1096 1099
641 644
1153 1156
130 131
991 994
276 280
1879 1884
957 959
163 166
1 7
1619 1623
871 878
1654 1655
1464 1468
1966 1971
993 996
426 431
1128 1129
1983 1984
185 188
385 386
958 961
1470 1473
1350 1351
228 230
506 512
312 313
941 943
912 919
1730 1731
407 408
1989 1991
412 417
1385 1388
65 67
1846 1847
1725 1726
296 297
1736 1737
895 896
1407 1408
623 625
94 97
518 519
1070 1072
245 251
852 853
1244 1251
457 459
1395 1401
1382 1389
364 366
1309 1310
718 724
1230 1236
1771 1772
1024 1025
373 377
1183 1190
1840 1842
900 903
542 544
1692 1698
1184 1189
348 350
149 155
1957 1959
525 528
1424 1426
1996 1998
574 578
314 316
927 930
290 293
147 148
591 593
1289 1293
1204 1208
1246 1251
1062 1066
509 512
733 736
170 174
752 754
1264 1266
632 636
317 318
1533 1534
610 611
1122 1123
1582 1583
204 208
32 33
1248 1249
1894 1896
809 815
8 10
298 300
160 453
151 153
680 683
1278 1279
307 308
1589 1593
23 48
616 620
731 1433
625 627
1034 1035
645 646
1672 1673
831 832
1343 1344
1442 1447
1555 1561
637 642
767 771
720 722
1232 1234
600 604
1476 1477
1572 1576
215 221
1461 1463
1801 1802
78 79
1970 1971
758 765
1818 1819
1075 1079
635 636
